cam_model: Pinhole
cam_width: 1280
cam_height: 720

cam_fx: 833.064790
cam_fy: 830.124057

cam_cx: 298.557402
cam_cy: 231.121314
# -0.102171, 0.560686, -0.003666, -0.010593
cam_d0: -0.102171
cam_d1: 0.560686
cam_d2: 0.003666
cam_d3: 0.010593
