# oST version 5.0 parameters


[image]

width
640

height
480

[narrow_stereo/left]

camera matrix
418.399956 0.000000 346.164262
0.000000 418.569867 252.677536
0.000000 0.000000 1.000000

distortion
0.001646 0.029022 -0.002650 -0.002360 0.000000

rectification
0.999767 0.011464 0.018315
-0.011540 0.999925 0.004068
-0.018267 -0.004278 0.999824

projection
448.067454 0.000000 333.943130 0.000000
0.000000 448.067454 246.116833 0.000000
0.000000 0.000000 1.000000 0.000000

# oST version 5.0 parameters


[image]

width
640

height
480

[narrow_stereo/right]

camera matrix
420.107304 0.000000 334.029474
0.000000 420.247435 242.124187
0.000000 0.000000 1.000000

distortion
0.000501 0.023664 0.000625 -0.001119 0.000000

rectification
0.999514 0.030256 -0.007566
-0.030287 0.999533 -0.004059
0.007440 0.004286 0.999963

projection
448.067454 0.000000 333.943130 -26.582114
0.000000 448.067454 246.116833 0.000000
0.000000 0.000000 1.000000 0.000000

