image: depart.pgm
resolution: 0.050000
origin: [-10.024999, -15.025001, 0.000000]
negate: 0
occupied_thresh: 0.65
free_thresh: 0.196

