image: maze2020v1.pgm
resolution: 0.050000
origin: [-0.024999, -3.524998, 0.000000]
negate: 0
occupied_thresh: 0.65
free_thresh: 0.196

