# oST version 5.0 parameters


[image]

width
640

height
480

[head_camera]

camera matrix
833.064790 0.000000 298.557402
0.000000 830.124057 231.121314
0.000000 0.000000 1.000000

distortion
-0.102171 0.560686 -0.003666 -0.010593 0.000000

rectification
1.000000 0.000000 0.000000
0.000000 1.000000 0.000000
0.000000 0.000000 1.000000

projection
837.860596 0.000000 295.139899 0.000000
0.000000 838.484009 230.210325 0.000000
0.000000 0.000000 1.000000 0.000000

